gspeed 0.510688 64 0.510688 0.311934 0.197896 0.617304 0.183442 0.473389 0.278391 0.438814 0.23031 0.868396 0.23031 0.23031 0 0 0 0.23031 0 0 0 0 0 0 0 0 0 0 0 0 0 0 0 0 0 0 0 0 0 0 0 0 0 0 0 0 0 0 0 0 0 0 0 0 0 0 0 0 0 0 0 0 0 0 0 0;
skf 0.141414 64 0.141414 0.242424 0.424242 0.838384 0.181818 0.20202 0.454545 0.30303 0.363636 0.232323 0.242424 0.242424 0 0 0 0 0 0 0 0 0 0 0 0 0 0 0 0 0 0 0 0 0 0 0 0 0 0 0 0 0 0 0 0 0 0 0 0 0 0 0 0 0 0 0 0 0 0 0 0 0 0 0 0;
skt 0.525253 64 0.525253 0.222222 0.484848 0.707071 0.444444 0.535354 0.30303 0.20202 0.545455 0.606061 0.272727 0.272727 0 0 0 0 0 0 0 0 0 0 0 0 0 0 0 0 0 0 0 0 0 0 0 0 0 0 0 0 0 0 0 0 0 0 0 0 0 0 0 0 0 0 0 0 0 0 0 0 0 0 0 0;
ss 1 64 1 2.12121 3.33333 0.10101 2.52525 1.14545 0.30303 1 1 1 -0.30303 -0.30303 0 0 0 1 0 0 0 0 0 0 0 0 0 0 0 0 0 0 0 0 0 0 0 0 0 0 0 0 0 0 0 0 0 0 0 0 0 0 0 0 0 0 0 0 0 0 0 0 0 0 0 0;
sc 4.12121 64 4.12121 2.0202 2.0202 5.73737 2.50505 2.50505 6.22222 1 2.34343 3.79798 3.15152 3.15152 0 0 0 1 0 0 0 0 0 0 0 0 0 0 0 0 0 0 0 0 0 0 0 0 0 0 0 0 0 0 0 0 0 0 0 0 0 0 0 0 0 0 0 0 0 0 0 0 0 0 0 0;
sbr 0.171717 64 0.171717 0.191919 0.252525 0.302626 -0.050505 0.191919 0.232323 0 -0.0909091 0.376566 0.515152 0.515152 0 0 0 0 0 0 0 0 0 0 0 0 0 0 0 0 0 0 0 0 0 0 0 0 0 0 0 0 0 0 0 0 0 0 0 0 0 0 0 0 0 0 0 0 0 0 0 0 0 0 0 0;
skb 1 64 1 0.888889 1 1 1 1 1 1 0 0.707071 0 0 0 0 0 0 0 0 0 0 0 0 0 0 0 0 0 0 0 0 0 0 0 0 0 0 0 0 0 0 0 0 0 0 0 0 0 0 0 0 0 0 0 0 0 0 0 0 0 0 0 0 0 0;
skg 1 64 1 0.888889 1 1 1 1 1 1 0 0.707071 0 0 0 0 0 0 0 0 0 0 0 0 0 0 0 0 0 0 0 0 0 0 0 0 0 0 0 0 0 0 0 0 0 0 0 0 0 0 0 0 0 0 0 0 0 0 0 0 0 0 0 0 0 0;
skr 1 64 1 0.888889 1 1 1 1 1 1 0 0.707071 0 0 0 0 0 0 0 0 0 0 0 0 0 0 0 0 0 0 0 0 0 0 0 0 0 0 0 0 0 0 0 0 0 0 0 0 0 0 0 0 0 0 0 0 0 0 0 0 0 0 0 0 0 0;
sb 0.59596 64 0.59596 1 0.343434 0.535354 1 1 1 0.707071 0.454545 0.787879 1 1 0 0 0 1 0 0 0 0 0 0 0 0 0 0 0 0 0 0 0 0 0 0 0 0 0 0 0 0 0 0 0 0 0 0 0 0 0 0 0 0 0 0 0 0 0 0 0 0 0 0 0 0;
sg 0.747475 64 0.747475 1 1 0.848485 0.767677 0.828283 0.646465 0.616162 1 0.989899 0.414141 0.414141 0 0 0 1 0 0 0 0 0 0 0 0 0 0 0 0 0 0 0 0 0 0 0 0 0 0 0 0 0 0 0 0 0 0 0 0 0 0 0 0 0 0 0 0 0 0 0 0 0 0 0 0;
sr 1 64 1 0.878788 0.50505 1 1 1 0.252525 1 1 0.636364 0.777778 0.777778 0 0 0 1 0 0 0 0 0 0 0 0 0 0 0 0 0 0 0 0 0 0 0 0 0 0 0 0 0 0 0 0 0 0 0 0 0 0 0 0 0 0 0 0 0 0 0 0 0 0 0 0;
dspeed 1.74287 64 1.74287 5.16612 4.64069 0.931224 15.9541 3.05826 4.27671 5.16612 9.56386 2.18696 3.05826 3.05826 0 0 0 9.56386 0 0 0 0 0 0 0 0 0 0 0 0 0 0 0 0 0 0 0 0 0 0 0 0 0 0 0 0 0 0 0 0 0 0 0 0 0 0 0 0 0 0 0 0 0 0 0 0;
dir 0 64 0 0 1 0 1 1 1 0 0 0 0 0 0 0 0 0 0 0 0 0 0 0 0 0 0 0 0 0 0 0 0 0 0 0 0 0 0 0 0 0 0 0 0 0 0 0 0 0 0 0 0 0 0 0 0 0 0 0 0 0 0 0 0 0;
drz -107.089 64 -107.089 -107.089 -170.886 95.7418 70.6329 -166.329 -170.886 -107.089 -166.329 -84.3038 -84.3038 -84.3038 0 0 0 -84.3038 0 0 0 0 0 0 0 0 0 0 0 0 0 0 0 0 0 0 0 0 0 0 0 0 0 0 0 0 0 0 0 0 0 0 0 0 0 0 0 0 0 0 0 0 0 0 0 0;
dry 31.9671 64 31.9671 -11.1418 -26.8633 31.3975 -4.19241 -37.5949 -25.3823 -17.2709 19.0025 12.5316 58.6025 55.162 0 0 0 44.4304 0 0 0 0 0 0 0 0 0 0 0 0 0 0 0 0 0 0 0 0 0 0 0 0 0 0 0 0 0 0 0 0 0 0 0 0 0 0 0 0 0 0 0 0 0 0 0 0;
drx 1.82278 64 1.82278 0 -6.75949 4.89873 -94.1013 0 10.1772 -9.26582 -1.89873 0 5.20253 5.20253 0 0 0 5.31646 0 0 0 0 0 0 0 0 0 0 0 0 0 0 0 0 0 0 0 0 0 0 0 0 0 0 0 0 0 0 0 0 0 0 0 0 0 0 0 0 0 0 0 0 0 0 0 0;
ds 0.587324 64 0.587324 0.249939 0.742958 0.850428 0.33641 0.33641 0.937381 0.590414 0.260595 0.937381 0.554713 0.554713 0 0 0 0.554713 0 0 0 0 0 0 0 0 0 0 0 0 0 0 0 0 0 0 0 0 0 0 0 0 0 0 0 0 0 0 0 0 0 0 0 0 0 0 0 0 0 0 0 0 0 0 0 0;
dz 0 64 0 0 -3.79747 -6.83544 0 0 -4.3038 -0.506329 0 -1.01266 -1.1519 -1.1519 0 0 0 -0.931646 0 0 0 0 0 0 0 0 0 0 0 0 0 0 0 0 0 0 0 0 0 0 0 0 0 0 0 0 0 0 0 0 0 0 0 0 0 0 0 0 0 0 0 0 0 0 0 0;
dy -1.25772 64 -1.25772 0.394937 -4.14785 -0.253165 -1.61215 -1.08962 -0.848608 0.496203 -0.67038 -1.31241 0.451646 0.433418 0 0 0 0.433418 0 0 0 0 0 0 0 0 0 0 0 0 0 0 0 0 0 0 0 0 0 0 0 0 0 0 0 0 0 0 0 0 0 0 0 0 0 0 0 0 0 0 0 0 0 0 0 0;
dx 2.42025 64 2.42025 0.461772 2.0962 1.83089 0.111392 -0.648101 0.107342 -0.644051 2.36759 5.49063 0.496203 0.623797 0 0 0 1.74785 0 0 0 0 0 0 0 0 0 0 0 0 0 0 0 0 0 0 0 0 0 0 0 0 0 0 0 0 0 0 0 0 0 0 0 0 0 0 0 0 0 0 0 0 0 0 0 0;
h 1 64 1 1.61877 1 1.45445 2.22934 1.11298 1.53852 3.42439 5.54329 1 1 1 0 0 0 1 0 0 0 0 0 0 0 0 0 0 0 0 0 0 0 0 0 0 0 0 0 0 0 0 0 0 0 0 0 0 0 0 0 0 0 0 0 0 0 0 0 0 0 0 0 0 0 0;
w 2.62041 64 2.62041 2.76447 2.35442 3.61265 4.02294 3.81126 3.73453 5.25442 13.0512 1.70138 3.61265 3.61265 0 0 0 3.61265 0 0 0 0 0 0 0 0 0 0 0 0 0 0 0 0 0 0 0 0 0 0 0 0 0 0 0 0 0 0 0 0 0 0 0 0 0 0 0 0 0 0 0 0 0 0 0 0;
y -0.606061 64 -0.606061 -7.07071 -7.07071 3.0303 18.2384 1.81818 9.89899 -8.6303 16.2141 -1.41414 0.20202 0.20202 0 0 0 0.20202 0 0 0 0 0 0 0 0 0 0 0 0 0 0 0 0 0 0 0 0 0 0 0 0 0 0 0 0 0 0 0 0 0 0 0 0 0 0 0 0 0 0 0 0 0 0 0 0;
x 4.26263 64 4.26263 5.85859 5.85859 18.3838 1.86667 21.5152 2.72727 4.39394 -7.24242 -13.2545 -10.1515 -10.1515 0 0 0 -6.9697 0 0 0 0 0 0 0 0 0 0 0 0 0 0 0 0 0 0 0 0 0 0 0 0 0 0 0 0 0 0 0 0 0 0 0 0 0 0 0 0 0 0 0 0 0 0 0 0;
length 24 64 24 22 22 30 22 24 22 22 24 29 24 24 0 0 0 24 0 0 0 0 0 0 0 0 0 0 0 0 0 0 0 0 0 0 0 0 0 0 0 0 0 0 0 0 0 0 0 0 0 0 0 0 0 0 0 0 0 0 0 0 0 0 0 0;
firstframe 0 64 0 0 0 5 0 10 0 0 10 0 10 10 0 0 0 10 0 0 0 0 0 0 0 0 0 0 0 0 0 0 0 0 0 0 0 0 0 0 0 0 0 0 0 0 0 0 0 0 0 0 0 0 0 0 0 0 0 0 0 0 0 0 0 0;
film 0 64 0 1 2 3 4 4 2 1 4 5 3 3 0 0 0 3 0 0 0 0 0 0 0 0 0 0 0 0 0 0 0 0 0 0 0 0 0 0 0 0 0 0 0 0 0 0 0 0 0 0 0 0 0 0 0 0 0 0 0 0 0 0 0 0;
