fcompressr 0.781513 64 0 0 0 0 0.268908 0 0.252101 0.310924 0 0 0 0 0 0 0 0 0.781513 0 0 0 0 0 0 0 0 0 0 0 0 0 0 0 0 0 0 0 0 0 0 0 0 0 0 0 0 0 0 0 0 0 0 0 0 0 0 0 0 0 0 0 0 0 0 0.110798;
lowGainB 0 64 0 0 0 0 0 0 0 0 0 0 0.563025 0 0 0 0.563025 0 0 0 0 0 0 0 0 0 0 0 0 0 0 0 0 0 0 0 0 0 0 0 0 0 0 0 0 0 0 0 0 0 0 0 0 0 0 0 0 0 0 0 0 0 0 0 0 0;
lowGainA 0 64 0 0 0 0 0 0.277311 0 0 0.168067 0.168067 0.386555 0 0 0 0.386555 0.0847973 0 0 0 0 0 0.226891 0 0 0 0 0 0 0 0 0 0 0 0 0 0 0 0 0 0 0 0 0 0 0 0 0 0 0 0 0 0 0 0 0 0 0 0 0 0 0 0 0 0.000116699;
lowGainR 0 64 0 0 0 0 0 0 0 0 0.151261 0.151261 0.361345 0 0 0 0.361345 0.105113 0 0 0 0 0 0.176471 0 0 0 0 0 0 0 0 0 0 0 0 0 0 0 0 0 0 0 0 0 0 0 0 0 0 0 0 0 0 0 0 0 0 0 0 0 0 0 0 0 0;
spiCompress 0.915966 64 0.915966 0.563025 0.563025 0.798319 0.554622 0.558889 0.558889 0.558889 0.558889 0.558889 0.558889 0 0 0 0.558889 0.611283 0.915966 0 0 0.798319 0.554622 0.558889 0 0 0 0 0 0 0 0 0 0.915966 0 0 0 0 0 0 0 0 0 0 0 0 0 0 0 0 0 0 0 0 0 0 0 0 0 0 0 0 0 0 0 0.573543;
fcompress 0 64 0.512605 0.470588 0.478992 0.243697 0.226891 0.672437 0.395126 0 0.65563 1 0.50437 0 0 0 0.50437 0.30843 0 0 0 0.243697 0.226891 0.672437 0 0 0 0 0 0 0 0 0 0 0 0 0 0 0 0 0 0 0 0 0 0 0 0 0 0 0 0 0 0 0 0 0 0 0 0 0 0 0 0 0 0.364996;
alphaInvert 0 64 0 0 0 0 0 0 0 0 0 0 0 0 0 0 0 0 0 0 0 0 0 0 0 0 0 0 0 0 0 0 0 0 0 0 0 0 0 0 0 0 0 0 0 0 0 0 0 0 0 0 0 0 0 0 0 0 0 0 0 0 0 0 0 0;
spiGain 0.5 64 0.5 0.546219 0.632857 0.647059 0.5 0.567471 0.5 0.5 0.5 0.5 0.5 0 0 0 0.5 0.528573 0.5 0 0 0.647059 0.5 0.567471 0 0 0 0 0 0 0 0 0 0.5 0 0 0 0 0 0 0 0 0 0 0 0 0 0 0 0 0 0 0 0 0 0 0 0 0 0 0 0 0 0 0 0.527202;
smoothExt 0.12605 64 0.0420168 0.159664 0.00260504 0.168067 0.0446218 0.0446218 0.0446218 0.145462 0.145462 0.145462 0.145462 0 0 0 0.145462 0.0606083 0.12605 0 0 0.168067 0.0446218 0.0446218 0 0 0 0 0 0 0 0 0 0.12605 0 0 0 0 0 0 0 0 0 0 0 0 0 0 0 0 0 0 0 0 0 0 0 0 0 0 0 0 0 0 0 0.129711;
smoothInt 0.0420168 64 0.0336134 0.0672269 0.0504202 0.0756303 0.0504202 0.0504202 0.0504202 0.0504202 0.0504202 0.0504202 0.0504202 0 0 0 0.0504202 0.052515 0.0420168 0 0 0.0756303 0.0504202 0.0504202 0 0 0 0 0 0 0 0 0 0.0420168 0 0 0 0 0 0 0 0 0 0 0 0 0 0 0 0 0 0 0 0 0 0 0 0 0 0 0 0 0 0 0 0.0595529;
rMin 0.10084 64 0 0.0672269 0 0 0 0 0 0 0 0 0 0 0 0 0 0.0015102 0.10084 0 0 0 0 0 0 0 0 0 0 0 0 0 0 0.10084 0 0 0 0 0 0 0 0 0 0 0 0 0 0 0 0 0 0 0 0 0 0 0 0 0 0 0 0 0 0 0 0.0381208;
compress 0.226891 64 0.361345 0.134454 0.092437 0.445378 0.319328 0.756303 0.756303 0.352941 0.0420168 0.0420168 0.352941 0 0 0 0.352941 0.373868 0.226891 0 0 0.445378 0.319328 0.756303 0 0 0 0 0 0 0 0 0 0.226891 0 0 0 0 0 0 0 0 0 0 0 0 0 0 0 0 0 0 0 0 0 0 0 0 0 0 0 0 0 0 0 0.310868;
fBW 0.823529 64 0.823529 0.403361 0.579832 0.403361 0.403361 0.403361 0.403361 0.184874 0.495798 1 0.184874 0 0 0 0.184874 0.438923 0.823529 0 0 0.403361 0.403361 0.403361 0 0 0 0 0 0 0 0 0 0.823529 0 0 0 0 0 0 0 0 0 0 0 0 0 0 0 0 0 0 0 0 0 0 0 0 0 0 0 0 0 0 0 0.374722;
fMin 0.00336134 64 0 0.00302521 0.00302521 0.00302521 0.00302521 0.00302521 0.00302521 0.00302521 0.00302521 0.00302521 0.00302521 0 0 0 0.00302521 0.00279865 0.00336134 0 0 0.00302521 0.00302521 0.00302521 0 0 0 0 0 0 0 0 0 0.00336134 0 0 0 0 0 0 0 0 0 0 0 0 0 0 0 0 0 0 0 0 0 0 0 0 0 0 0 0 0 0 0 0.00293107;
gain 0 64 0 0 0.184874 0.168067 0.285714 0.140616 0.159664 0.123782 0.434706 0.409496 0.123782 0 0 0 0.123782 0.226419 0 0 0 0.168067 0.285714 0.140616 0 0 0 0 0 0 0 0 0 0 0 0 0 0 0 0 0 0 0 0 0 0 0 0 0 0 0 0 0 0 0 0 0 0 0 0 0 0 0 0 0 0.0574011;
rect 0.5 64 0.5 0.5 0.5 0.5 0.5 0.5 0.5 0.5 0.5 0.5 0.5 0 0 0 0.5 0.5 0.5 0 0 0.5 0.5 0.5 0 0 0 0 0 0 0 0 0 0.5 0 0 0 0 0 0 0 0 0 0 0 0 0 0 0 0 0 0 0 0 0 0 0 0 0 0 0 0 0 0 0 0.5;
invert 1 64 0 0 0 0 0 0 0 0 0 0 0 0 0 0 0 0 1 0 0 1 1 1 0 0 0 0 0 0 0 0 0 1 0 0 0 0 0 0 0 0 0 0 0 0 0 0 0 0 0 0 0 0 0 0 0 0 0 0 0 0 0 0 0 0;
