Imode4 0.52 32 0.98 0.44 0.32 0.93 0.31 0.31 0 0 0.98 0.52 0.32 0 0
0 0 0 0.98 0.77 0.32 0 0 0 0 0 0.98 0.94 0.62 0 0 0 0 0;
Imode3 1 32 0 0.6 0.63 1 1 1 0 0 1 1 0.63 0 0 0 0 0 1 0.76 0.63 0 0
0 0 0 1 0.99 0.86 0 0 0 0 0;
Imode2 0.66 32 0.38 0 0.09 0 0 0 0 0 0.38 0.66 0.09 0 0 0 0 0 0.38
0 0.09 0 0 0 0 0 0.38 0 0.09 0 0 0 0 0;
Imode1 0.19 32 0.38 0.38 0.61 0.21 0.21 0.21 0 0 0.38 0.19 0.65 0 0
0 0 0 0.27 0.23 0.73 0 0 0 0 0 0.16 0.14 0.85 0 0 0 0 0;
Interieur2_3 0 32 255 255 111.89 146.39 146.39 0 0 0 255 0 111.89 0
0 0 0 0 255 255 111.89 0 0 0 0 0 255 255 255 0 0 0 0 0;
Interieur2_2 246.39 32 255 255 111.89 255 255 96.29 0 0 255 246.39
111.89 0 0 0 0 0 255 255 111.89 0 0 0 0 0 255 255 255 0 0 0 0 0;
Interieur2_1 251.51 32 255 255 111.89 245.13 245.13 255 0 0 255 251.51
111.89 0 0 0 0 0 255 255 111.89 0 0 0 0 0 255 255 255 0 0 0 0 0;
Interieur1_3 12.12 32 0 0 0 255 255 42.4 0 0 0 12.12 0 0 0 0 0 0 0
0 0 0 0 0 0 0 0 0 0 0 0 0 0 0;
Interieur1_2 12.12 32 0 0 0 0 0 247.5 0 0 0 12.12 0 0 0 0 0 0 0 0 0
0 0 0 0 0 0 0 0 0 0 0 0 0;
Interieur1_1 255 32 0 0 0 17.83 17.83 48.13 0 0 0 255 0 0 0 0 0 0 0
0 0 0 0 0 0 0 0 0 0 0 0 0 0 0;
