Emode4 0.94 32 0.94 0.94 0.3 0 0.64 0 0 0 0.3 0.15 0.32 0 0 0 0 0 0.3
0.3 0.32 0 0 0 0 0 0.3 0.3 0.62 0 0 0 0 0.3;
Emode3 0.03 32 0.03 0.03 0.72 0 1 0 0 0 0.72 0.75 0.72 0 0 0 0 0 0.72
0.72 0.72 0 0 0 0 0 0.72 0.72 1 0 0 0 0 0.72;
Emode2 0.62 32 0.62 0.62 0.09 0 0.58 0 0 0 0.09 0.63 0.09 0 0 0 0 0
0.09 0.81 0.09 0 0 0 0 0 0.09 0.81 0.09 0 0 0 0 0.09;
Emode1 0.48 32 0.48 0.48 0.6 0 0.51 0 0 0 0.6 0 0.67 0 0 0 0 0 0.6
0 0.77 0 0 0 0 0 0.6 0 0.86 0 0 0 0 0.6;
Exterieur2_3 43.64 32 43.64 43.64 255 0 255 0 0 0 255 255 255 0 0 0
0 0 255 255 255 0 0 0 0 0 0 255 255 0 0 0 0 0;
Exterieur2_2 234.06 32 43.64 234.06 255 0 255 0 0 0 255 255 255 0 0
0 0 0 29.58 30.77 255 0 0 0 0 0 0 30.77 255 0 0 0 0 0;
Exterieur2_1 140.04 32 234.06 140.04 255 0 255 0 0 0 255 255 255 0
0 0 0 0 0 0 255 0 0 0 0 0 255 0 255 0 0 0 0 0;
Exterieur1_3 255 32 151.83 255 0 0 90.73 0 0 0 216.41 13.81 0 0 0 0
0 0 216.41 216.41 0 0 0 0 0 0 121.94 216.41 0 0 0 0 0 0;
Exterieur1_2 0 32 16.26 0 0 0 150.09 0 0 0 137.04 13.81 0 0 0 0 0 0
137.04 155.55 0 0 0 0 0 0 121.94 155.55 0 0 0 0 0 0;
Exterieur1_1 49.16 32 42.4 49.16 0 0 82.58 0 0 0 121.94 255 0 0 0 0
0 0 121.94 121.94 0 0 0 0 0 0 216.41 121.94 0 0 0 0 0 0;
